
ANCILLARY
$
$$FOR VIETTEL PROJECT--------------------------------------------------------------------
$        name type h\D mass af  afi aice  zref  xcg xicg fcx fcy fmz ishap depth width height
$                   m   kg  m2   m2  m2    m     m   m 
TTB    BOX 2.50 950 5.75 5.75 0     0     0   0    1   1   1   100   2.3   2.3   2.5
                
DB           CYL 2.022 32.00 0.726 0.360 0 0 0 0 1 1 1 13  0.178 0.359 2.022 $Dual band 900/2100
RF           BOX 0.630 20.00 0.241 0.107 0 0 0 0 1 1 1 100 0.169 0.383 0.635
RRU          BOX 0.425 15.00 0.128 0.081 0 0 0 0 1 1 1 100 0.190 0.300 0.425 $Use in Myanmar
RRU_NEW      BOX 0.550 32.00 0.220 0.080 0 0 0 0 1 1 1 100 0.145 0.400 0.550
MRRU         BOX 0.630 45.00 0.241 0.190 0 0 0 0 1 1 1 100 0.300 0.383 0.635 $Use in Myanmar
DPX          BOX 0.199  5.70 0.040 0.019 0 0 0 0 1 1 1 100 0.095 0.199 0.199
SG700        CYL 2.533 27.00 0.887 0.527 0 0 0 0 1 1 1 13  0.208 0.350 2.533 $Single 700  
SG900        CYL 2.580 25.30 0.680 0.300 0 0 0 0 1 1 1 13  0.116 0.262 2.580 $Single 2G 900
SG900_NEW    CYL 2.580 75.30 2.028 0.300 0 0 0 0 1 1 1 13  0.116 0.786 2.580 $Single 2G 900
SG1800       CYL 1.314  9.80 0.204 0.092 0 0 0 0 1 1 1 13  0.070 0.155 1.314 $Single 2G 1800
SG2100       CYL 1.314  9.80 0.204 0.092 0 0 0 0 1 1 1 13  0.070 0.155 1.314 $Single 3G 2100
SG2100_NEW   CYL 1.314  30.0 0.623 0.092 0 0 0 0 1 1 1 13  0.070 0.465 1.314
DUAL-BAND    CYL 1.499 24.90 0.388 0.202 0 0 0 0 1 1 1 13  0.135 0.259 1.499 $Dual band 700/900 + 1800/2100
TB           CYL 1.390 21.50 0.418 0.252 0 0 0 0 1 1 1 13  0.181 0.301 1.390 $Twen-beam
10P          CYL 2.688 34.50 0.941 0.559 0 0 0 0 1 1 1 13  0.208 0.350 2.688 $Use in Viet Nam
10P_N        CYL 2.090 42.00 0.932 0.393 0 0 0 0 1 1 1 13  0.188 0.448 2.090 $Use in Viet Nam
8-P          CYL 1.224 29.70 0.783 0.288 0 0 0 0 1 1 1 13  0.235 0.640 1.224 $Use in Viet Nam
8P           CYL 2.690 38.00 0.861 0.377 0 0 0 0 1 1 1 13  0.140 0.320 2.690 $Use in Viet Nam
6P           CYL 1.995 27.20 0.529 0.237 0 0 0 0 1 1 1 13  0.169 0.377 1.995
6P_NEW       CYL 1.740 23.00 0.557 0.333 0 0 0 0 1 1 1 13  0.180 0.301 1.850
4P           CYL 1.365 22.80 0.367 0.117 0 0 0 0 1 1 1 13  0.086 0.269 1.365 $Use in Myanmar
4G           CYL 1.471 16.80 0.405 0.127 0 0 0 0 1 1 1 13  0.086 0.275 1.471 $Dual band 1800/2100/2600
4G_NEW       CYL 1.471 50.00 1.213 0.127 0 0 0 0 1 1 1 13  0.086 0.825 1.471
5G_O         CYL 0.973 74.80 0.510 0.180 0 0 0 0 1 1 1 13  0.183 0.520 0.937
5G           CYL 0.841 46.10 0.438 0.182 0 0 0 0 1 1 1 13  0.217 0.521 0.841
4G_DB        CYL 1.471 29.00 0.809 0.127 0 0 0 0 1 1 1 13  0.086 0.550 1.471 $Double 2 antenna 4G
TBUM         CYL 0.264 32.00 0.792 0.471 0 0 0 0 1 1 1 13  0.157 3.000 0.264 
BBUM         CYL 0.161 21.50 0.214 0.214 0 0 0 0 1 1 1 13  0.146 1.334 0.161
AWL          CYL 0.125 1.000 0.020 0.020 0 0 0 0 1 1 1 30  0.10 0.10 0.155
LTR          CYL 2.500 13.00 0.085 0.085 0 0 0 0 1 1 1 30  
LTR1         CYL 1.500 2.500 0.055 0.055 0 0 0 0 1 1 1 30 
AT-K55       CYL 6.040 60.00 0.020 0.020 0 0 0 0 1 1 1 30  0.20 0.20 6.040
AT           CYL 1.828 30.00 0.640 0.380 0 0 0 0 1 1 1 13  0.208 0.350 1.828
TRIPLE-BAND  CYL 2.441 37.20 0.920 0.412 0 0 0 0 1 1 1 13  0.169 0.377 2.441
8P_R         CYL 2.100 31.00 0.830 0.398 0 0 0 0 1 1 1 13  0.190 0.396 2.098
TT           CYL 1.200 3.000 0.025 0.025 0 0 0 0 1 1 1 30  
BIEN_QC      BOX 2.000 50.00 5.000 0.200 0 0 0 0 1 1 1 100 0.100 2.500 2.000

DEN          BOX 0.400 2.500 0.120 0.070 0 0 0 0 1 1 1 100 0.169 0.300 0.400
GSM          CYL 2.600 25.30 1.040 0.520 0 0 0 0 1 1 1 13  0.200 0.400 2.600 $Single mobifone
3G           CYL 1.400 21.50 0.560 0.280 0 0 0 0 1 1 1 13  0.200 0.400 1.400 $Single mobifone
GMS2G        CYL 2.250 18.00 0.670 0.405 0 0 0 0 1 1 1 13  0.180 0.300 2.250 $Single mobifone
GMS3G        CYL 1.200 11.00 0.336 0.120 0 0 0 0 1 1 1 13  0.100 0.280 1.200 $Single mobifone
RF           CYL 0.560 25.00 0.075 0.120 0 0 0 0 1 1 1 13  0.133 0.447 0.560 $Single mobifone
RRH          CYL 0.400 15.00 0.053 0.120 0 0 0 0 1 1 1 13  0.133 0.300 0.400 $Single mobifone


LADUA25        BOX 6.000 1000   4.50 2.400 0 0 0 0 1 1 1 100 0.300 3.000 6.000
LADUA30        BOX 6.000 1000   4.00 2.400 0 0 0 0 1 1 1 100 0.300 3.000 6.000

GTB          BOX 2.100 3000  7.800 5.500 0 0 0 0 1 1 1 100 1.500 3.700 2.100

IC-501       CYL   2.5     25   0.1   0.1   0.3  0    1   1    1   1   1  501    2  2  0 $ TORoid frame

MW0.3   SHIELDED 0.3   14  0.120   0.06   0.06  0.   -.035 -.035 1.0 1.0 1.0 3
MW0.6   SHIELDED 0.6   30  0.385   0.24   2.72  0.   -.035 -.035 1.0 1.0 1.0 3
MW0.9   SHIELDED 0.9   40  0.630   0.34   3.72  0.   -.035 -.035 1.0 1.0 1.0 3
MW1.2   SHIELDED 1.2   70  1.170   0.72   8.00  0.    .013 -.013 1.0 1.0 1.0 3 
MW1.8   SHIELDED 1.8  120  2.620   1.63  16.00  0.   -.213 -.213 1.0 1.0 1.0 3 
MW2.4   SHIELDED 2.4  230  4.660   2.90  36.30  0.   -.371 -.371 1.0 1.0 1.0 3
LOA     SHIELDED 0.3   6   0.120   0.06   0.06  0.   -.035 -.035 1.0 1.0 1.0 3
LOA_PT  SHIELDED 0.3   6   0.120   0.06   0.06  0.   -.035 -.035 1.0 1.0 1.0 1
AT_PT   SHIELDED 0.6   6   0.220   0.09   0.09  0.   -.035 -.035 1.0 1.0 1.0 1

$$FOR MOBIFONE--------------------------------------------------------------------
$ name type h\D mass af  afi aice  zref  xcg xicg fcx fcy fmz ishap depth width height
$            m   kg  m2   m2  m2    m     m   m 
                
RRU_MB       BOX 0.52  37.0 0.1664 0.0728 0 0 0 0 1 1 1 100 0.14  0.32  0.52
RF2G         CYL 2.560 48.9 0.7168 0.3584 0 0 0 0 1 1 1 13  0.14  0.28  2.560
RF3G         CYL 1.40  33.5 0.2282 0.147  0 0 0 0 1 1 1 13  0.105 0.163 1.40
RF2+3        CYL 2.577 49.7 0.6932 0.3402 0 0 0 0 1 1 1 13  0.132 0.269 2.577 
RF4G         CYL 1.35  33.5 0.405  0.135  0 0 0 0 1 1 1 13  0.1   0.3   1.35
MW0.3_MB     SHIELDED 0.3   33.5 0.120   0.06   0.06  0.   -.035 -.035 1.0 1.0 1.0 3
MW0.6_MB     SHIELDED 0.6   36.0 0.385   0.24   2.72  0.   -.035 -.035 1.0 1.0 1.0 3
MW0.9_MB     SHIELDED 0.9   52.0 0.630   0.34   3.72  0.   -.035 -.035 1.0 1.0 1.0 3
MW1.2_MB     SHIELDED 1.2   65.0 1.170   0.72   8.00  0.    .013 -.013 1.0 1.0 1.0 3 
MW1.8_MB     SHIELDED 1.8   127  2.620   1.63   16.0  0.   -.213 -.213 1.0 1.0 1.0 3 
MW2.4_MB     SHIELDED 2.4   215  4.660   2.90   36.3  0.   -.371 -.371 1.0 1.0 1.0 3
MW3.0_MB     SHIELDED 3.0   310  7.29    4.53   50.4  0.   -.465 -.465 1.0 1.0 1.0 3
MW3.7_MB     SHIELDED 3.7   411 10.51    6.50   74.2  0.   -.465 -.465 1.0 1.0 1.0 3
 
$4G PROJECT------------------------------------------------------------------------------
$ name        type     d|h    mass   af      asf     aice  zref  xcg  xicg  fcx fcy fzm 
RF-RRU-CBD   CYL      2.580   63.0  0.7638   0.3933   0   0   0   0   1  1   1 30 

$ name       type     d|h     mass   af      asf    aice  zref  xcg  xicg  fcx fcy fzm 
GSM900       CYL     2.580   19.0    0.675   0.299  0.0   0     0    0     1   1   1  30  
GSM1800      CYL     1.314    6.5    0.203   0.092  0.0   0     0    0     1   1   1  30  
GSM2100      CYL     1.314    6.5    0.203   0.092  0.0   0     0    0     1   1   1  30  
TRIPLE-BAND  CYL     1.384   19.0    0.361   0.202  0.0   0     0    0     1   1   1  30  
DUAL-BAND    CYL     1.334   16.0    0.348   0.195  0.0   0     0    0     1   1   1  30  
4G           CYL     1.471   13.0    0.404   0.127  0.0   0     0    0     1   1   1  30  
TWIN-BEAM    CYL     1.390   16.5    0.418   0.252  0.0   0     0    0     1   1   1  30   
RRU          CYL     0.435   15.0    0.162   0.078  0.0   0     0    0     1   1   1  30
RRU-5G       CYL     0.450   27.0    0.19125  0.072  0.0   0     0    0     1   1   1  30    
DBXDH-6565B  CYL     1.998   22.8    0.601   0.362  0.0   0     0    0     1   1   1  30  
10485V01     CYL     2.038   26.0    0.534   0.283  0.0   0     0    0     1   1   1  30  
ABC          CYL     2.577   21.7    0.6932  0.340  0.0   0     0    0     1   1   1  30  

$ SHIELDED ONE PIECE PLANAR RADOME
$ name     type     dia mass af    asf  aice  zref xcg   xicg  fcx fcy fzm ishap
$                   m    kg  m2     m2  m2    m    m     m 
SH1PR-1   SHIELDED 0.3   14  0.120  0.060   0.06   0.   -.035 -.035 1.0 1.0 1.0 3
SH1PR-2   SHIELDED 0.6   41  0.385  0.240   2.72   0.   -.035 -.035 1.0 1.0 1.0 3
SH1PR-4   SHIELDED 1.2   77  1.170  0.720   8.00   0.    .013 -.013 1.0 1.0 1.0 3 
SH1PR-6   SHIELDED 1.8  127  2.620  1.630  16.00   0.   -.213 -.213 1.0 1.0 1.0 3 
SH1PR-8   SHIELDED 2.4  203  4.660  2.900  36.30   0.   -.371 -.371 1.0 1.0 1.0 3
$SH1PR-10  SHIELDED 3.0  245  7.290  4.530  50.40   0.   -.465 -.465 1.0 1.0 1.0 3
SH1PR-10  SHIELDED 3.0  354  7.290  4.530  50.40   0.   -.465 -.465 1.0 1.0 1.0 3
SH1PR-12  SHIELDED 3.7  386 10.510  6.520  74.20   0.   -.480 -.480 1.0 1.0 1.0 3
SH1PR-7   SHIELDED 2.0  165 3.1420  2.265  36.30   0.   -.371 -.371 1.0 1.0 1.0 3

MW2.7     SHIELDED 2.70  245  6.928  4.53   50.4  0.   -.465 -.465 1.0 1.0 1.0 3
MW4.7     SHIELDED 4.72  386 17.503  8.62   50.4  0.   -.465 -.465 1.0 1.0 1.0 3
MW4.1     SHIELDED 4.07  386 13.000  6.50   50.4  0.   -.465 -.465 1.0 1.0 1.0 3
MW3.2     SHIELDED 3.20  254  8.000  4.53   74.2  0.   -.480 -.480 1.0 1.0 1.0 3

$******************************************************************************
ancillaries for iba twrs
$ name     type     d|h   mass  af    asf   aice  zref  xcg  xicg  fcx fcy fzm 
$                   m     kg    m2    m2    m2     m     m      m 
 SLIM-PLAT   CYL   1.00   352  2.49  2.49   29    0.00  0.00   0.00 1 1 1 30
 VTL_TTB     CYL   2.50   950  5.75  5.75    0    0.00  0.00   0.00 1 1 1 30
 UHF-PAN-AR  CYL   0.45   200  2.00  2.00    6    1.55 -0.20  -0.25 1 1 1 30 $NGUYEN BAN
 RADAR       CYL   0.80   300  3.00  3.00    6    1.55 -0.20  -0.25 1 1 1 30 $SUA LAI
 RADAR1      CYL   0.80   200  2.00  2.00    6    1.55 -0.20  -0.25 1 1 1 30 $SUA LAI
 4UHF-PAN    CYL   4.30    46  2.30  2.30    6    2.15 -0.20  -0.25 1 1 1 30
 8UHF-PAN    CYL   3.10    92  4.60  4.60   12    1.55 -0.20  -0.25 1 1 1 30
18UHF-PAN    CYL   4.80   207  6.70  6.70   18    2.40  0.00   0.00 1 1 1 30
LONGDEN      CYL   5.00   950  6.00  6.00    0    0.00  0.00   0.00 1 1 1 30

 
 TROUGH      BOX   .762  100  1.045 0.35  2.48  0.38 -0.15  -0.15 1 1 1 11
 
 DIPOLE      CYL   1.0   15   0.015 0.015 .047 0.5     0      0    1 1 1 53
 DIPOLE-VHF  CYL   1.0   15   0.015 0.015 .047 0.5     0      0    1 1 1 51
 F-DIPOLE    CYL   1.0   15   0.015 0.015 .047 0.5     0      0    1 1 1 51
 VT-CENSOR   CYL   1.0   15   0.300 0.300 .000 0.5     0      0    1 1 1 51


 SECT-CELL   CYL   3.0   50   0.3   0.3   1.0  1.5     0      0    1 1 1 31
 COL-CELL    CYL   3.0   50   0.3   0.3   1.0  0.5     0      0    1 1 1 30
 COL-VHF     CYL   2.7   50   0.3   0.3   1.0  0.5     0      0    1 1 1 30

 YAGI        CYL   0.10  25   0.1   0.1   0.3  0.0      1      1    1 1 1 23
 LOG-PERIOD  CYL   0.25  25   0.1   0.1   0.3  0.0      1      1    1 1 1 60
 
 DISH-VSAT-1 RADOME 1.0  54   1.170  0    5.12 0.0    0.041  0.041 1 1 1 4 
 .6DISH-CON  RADOME 0.6   8   0.385  0    4.64 0.0   -0.112 -0.112 1 1 1 2 

 IC-91       CYL   1     25   0.1   0.1   0.3  0    1   1    1   1   1   91    1  1  1 $ VHF panel
 IC-92       CYL   1     25   0.1   0.1   0.3  0    1   1    1   1   1   92    1  1  1 $ DAB panel
 IC-93       CYL   1     25   0.1   0.1   0.3  0    1   1    1   1   1   93    1  1  1 $ 2 panel array

$ 
$ SHIELDED ONE PIECE PLANAR RADOME
$ name     type     dia mass af    asf  aice  zref xcg   xicg  fcx fcy fzm ishap
$                   m    kg  m2     m2  m2    m    m     m 
 SH1PR-2   SHIELDED 0.6  41  0.385  0   2.72  0.   -.035 -.035 1.0 1.0 1.0 3
 SH1PR-4   SHIELDED 1.2  77  1.170  0   8.00  0.    .013 -.013 1.0 1.0 1.0 3
 SH1PR-6   SHIELDED 1.8  127 2.620  0   16.0  0.   -.213 -.213 1.0 1.0 1.0 3
 SH1PR-8   SHIELDED 2.4  203 4.66   0   36.3  0.   -.371 -.371 1.0 1.0 1.0 3
 $SH1PR-10  SHIELDED 3.0  245 7.29   0   50.4  0.   -.465 -.465 1.0 1.0 1.0 3
 SH1PR-12  SHIELDED 3.7  386 10.51  0   74.2  0.   -.480 -.480 1.0 1.0 1.0 3
  
$ 
$ SHIELDED TWO PIECE PLANAR RADOME
$ name    type      dia mass af    asf aice zref xcg    xicg  fcx fcy fzm ishap
$                   m   kg   m2        m2   m    m      m 
 SH2PR-8  SHIELDED  2.4 209  4.66  0   38.4 0.  -0.384 -0.384 1.0 1.0 1.0 3
 $SH2PR-10 SHIELDED  3.0 254  7.29  0   50.4 0.  -0.478 -0.478 1.0 1.0 1.0 3
 SH2PR-12 SHIELDED  3.7 390  10.51 0   74.4 0.  -0.490 -0.490 1.0 1.0 1.0 3
 SH2PR-15 SHIELDED  4.6 807  16.42 0   72.5 0.  -0.712 -0.712 1.0 1.0 1.0 3
  
$
$  SHIELDED ANTENNAS WITH PLANAR RADOME
$ name      type     dia mass af    asf aice zref xcg    xicg  fcx  fcy  fzm
$                    m   kg   m2    m2  m2   m    m      m 
 HDX8S-59   SHIELDED 2.4 213  4.66  0   39.2 0.  -0.167 -0.167 1.0  1.0  1.0  3
 UHX10-459B SHIELDED 3.0 320  7.29  0   43.8 0.  -0.204 -0.204 1.0  1.02 1.16 3
 HDX10S-59  SHIELDED 3.0 254  7.29  0   51.5 0.  -0.264 -0.264 1.0  1.0  1.0  3
 UMX12-459A SHIELDED 3.7 406  10.51 0   55.5 0.  -0.357 -0.357 1.0  1.0  1.0  3
 UMX12-465  SHIELDED 3.7 435  10.51 0   77.4 0.  -0.416 -0.416 1.03 1.19 1.52 3
 UHX12-59J  SHIELDED 3.7 404  10.51 0   67.0 0.  -0.503 -0.503 1.01 1.12 1.46 3
 HDX12S-59  SHIELDED 3.7 404  10.51 0   76.2 0.  -0.261 -0.261 1.0  1.0  1.0  3
$ 
$ STANDARD ONE PIECE WITHOUT RADOME
$ name      type     dia mass af    asf aice  zref xcg    xicg  fcx fcy fzm
$                    m   kg   m2        m2    m    m      m 
 ST1PNR-2   STANDARD 0.6 7    0.385  0  3.04  0.  -0.056 -0.056 1.0 1.0 1.0 1
 ST1PNR-4   STANDARD 1.2 47   1.170  0  5.12  0.  -0.117 -0.117 1.0 1.0 1.0 1
 ST1PNR-6   STANDARD 1.8 61   2.620  0  11.5  0.  -0.041 -0.041 1.0 1.0 1.0 1
 ST1PNR-8   STANDARD 2.4 114  4.66   0  20.6  0.  -0.041 -0.041 1.0 1.0 1.0 1
 ST1PNR-10  STANDARD 3.0 144  7.29   0  33.9  0.  -0.155 -0.155 1.0 1.0 1.0 1
 ST1PNR-12  STANDARD 3.7 245  10.51  0  44.8  0.  -0.165 -0.165 1.0 1.0 1.0 1
$ 
$ STANDARD ONE PIECE WITH RADOME
$ name     type    dia  mass af     asf aice zref  xcg    xicg  fcx fcy fzm
$                  m    kg   m2     m2  m2    m    m      m 
 ST1PR-2   RADOME  0.6  8    0.385  0   4.64  0.  -0.112 -0.112 1.0 1.0 1.0 4
 ST1PR-4   RADOME  1.2  54   1.170  0   5.12  0.   0.041  0.041 1.0 1.0 1.0 4
 ST1PR-6   RADOME  1.8  73   2.620  0   11.7  0.  -0.053 -0.053 1.0 1.0 1.0 4
 ST1PR-8   RADOME  2.4  138  4.66   0   23.0  0.  -0.201 -0.201 1.0 1.0 1.0 4
 ST1PR-10  RADOME  3.0  182  7.29   0   37.3  0.  -0.353 -0.353 1.0 1.0 1.0 4
 ST1PR-12  RADOME  3.7  297  10.51  0   50.9  0.  -0.365 -0.365 1.0 1.0 1.0 4

$ 
$ STANDARD TWO PIECE WITHOUT RADOME
$ name      type     dia  mass af   asf aice zref xcg    xicg  fcx fcy fzm
$                    m    kg   m2    m2 m2   m    m      m 
 ST2PNR-8   STANDARD 2.4  120 4.66   0  20.6 0.  -0.054 -0.054 1.0 1.0 1.0 1
 ST2PNR-10  STANDARD 3.0  152 7.29   0  34.1 0.  -0.168 -0.168 1.0 1.0 1.0 1
 ST2PNR-12  STANDARD 3.7  272 10.51  0  44.9 0.  -0.180 -0.180 1.0 1.0 1.0 1
 ST2PNR-15  STANDARD 4.6  562 16.42  0  74.7 0.  -0.226 -0.226 1.0 1.0 1.0 1
 
$
$ GRID ANTENNA                     
$ name     type   dia mass af     asf aice zref xcg    xicg  fcx fcy fzm
$                 m   kg   m2     m2  m2   m    m      m 
 GRID-6    GRID   1.8 54   2.85   0   0    0.  -0.176 -0.176 1.0 1.0 1.0 6
 GRID-8    GRID   2.4 102  4.97   0   0    0.  -0.266 -0.266 1.0 1.0 1.0 6
 GRID-10   GRID   3.0 120  7.79   0   0    0.  -0.374 -0.374 1.0 1.0 1.0 6
 GRID-12   GRID   3.7 184  11.40  0   0    0.  -0.390 -0.390 1.0 1.0 1.0 6
 GRID-15   GRID   4.6 293  17.55  0   0    0.  -0.464 -0.464 1.0 1.0 1.0 6
$******************************************************************************
 
$ SHIELDED TWO PIECE PLANAR RADOME
$ name    type      dia mass af    asf aice zref xcg    xicg  fcx fcy fzm ishap
$                   m   kg   m2        m2   m    m      m 
 SH2PR-8  SHIELDED  2.4 209  4.66  2.90   38.4 0.  -0.384 -0.384 1.0 1.0 1.0 3
 $SH2PR-10 SHIELDED  3.0 254  7.29  4.53   50.4 0.  -0.478 -0.478 1.0 1.0 1.0 3
 SH2PR-12 SHIELDED  3.7 390  10.51 6.52   74.4 0.  -0.490 -0.490 1.0 1.0 1.0 3
 SH2PR-15 SHIELDED  4.6 807  16.42 8.62  72.5 0.  -0.712 -0.712 1.0 1.0 1.0 3
  
$  SHIELDED ANTENNAS WITH PLANAR RADOME
$ name      type     dia mass af    asf aice zref xcg    xicg  fcx  fcy  fzm
$                    m   kg   m2    m2  m2   m    m      m 
 HDX8S-59   SHIELDED 2.4 213  4.66  0   39.2 0.  -0.167 -0.167 1.0  1.0  1.0  3
 UHX10-459B SHIELDED 3.0 320  7.29  0   43.8 0.  -0.204 -0.204 1.0  1.02 1.16 3
 HDX10S-59  SHIELDED 3.0 254  7.29  0   51.5 0.  -0.264 -0.264 1.0  1.0  1.0  3
 UMX12-459A SHIELDED 3.7 406  10.51 0   55.5 0.  -0.357 -0.357 1.0  1.0  1.0  3
 UMX12-465  SHIELDED 3.7 435  10.51 0   77.4 0.  -0.416 -0.416 1.03 1.19 1.52 3
 UHX12-59J  SHIELDED 3.7 404  10.51 0   67.0 0.  -0.503 -0.503 1.01 1.12 1.46 3
 HDX12S-59  SHIELDED 3.7 404  10.51 0   76.2 0.  -0.261 -0.261 1.0  1.0  1.0  3
 
$ STANDARD ONE PIECE WITHOUT RADOME
$ name      type     dia mass af    asf aice  zref xcg    xicg  fcx fcy fzm
$                    m   kg   m2        m2    m    m      m 
 ST1PNR-2   STANDARD 0.6 7    0.385  0.24  3.04  0.  -0.056 -0.056 1.0 1.0 1.0 1
 ST1PNR-4   STANDARD 1.2 47   1.170  0.72  5.12  0.  -0.117 -0.117 1.0 1.0 1.0 1
 ST1PNR-6   STANDARD 1.8 61   2.620  1.63  11.5  0.  -0.041 -0.041 1.0 1.0 1.0 1
 ST1PNR-8   STANDARD 2.4 114  4.66   2.90  20.6  0.  -0.041 -0.041 1.0 1.0 1.0 1
 ST1PNR-10  STANDARD 3.0 144  7.29   4.53  33.9  0.  -0.155 -0.155 1.0 1.0 1.0 1
 ST1PNR-12  STANDARD 3.7 245  10.51  6.52  44.8  0.  -0.165 -0.165 1.0 1.0 1.0 1
$ 
$ STANDARD ONE PIECE WITH RADOME
$ name     type    dia  mass af     asf aice zref  xcg    xicg  fcx fcy fzm
$                  m    kg   m2     m2  m2    m    m      m 
 ST1PR-2   RADOME  0.6  8    0.385  0.24   4.64  0.  -0.112 -0.112 1.0 1.0 1.0 4
 ST1PR-4   RADOME  1.2  54   1.170  0.72   5.12  0.   0.041  0.041 1.0 1.0 1.0 4
 ST1PR-6   RADOME  1.8  73   2.620  1.63   11.7  0.  -0.053 -0.053 1.0 1.0 1.0 4
 ST1PR-8   RADOME  2.4  138  4.66   2.90   23.0  0.  -0.201 -0.201 1.0 1.0 1.0 4
 ST1PR-10  RADOME  3.0  182  7.29   4.53   37.3  0.  -0.353 -0.353 1.0 1.0 1.0 4
 ST1PR-12  RADOME  3.7  297  10.51  6.52   50.9  0.  -0.365 -0.365 1.0 1.0 1.0 4

$ 
$ STANDARD TWO PIECE WITHOUT RADOME
$ name      type     dia  mass af   asf aice zref xcg    xicg  fcx fcy fzm
$                    m    kg   m2    m2 m2   m    m      m 
 ST2PNR-8   STANDARD 2.4  120 4.66   2.90  20.6 0.  -0.054 -0.054 1.0 1.0 1.0 1
 ST2PNR-10  STANDARD 3.0  152 7.29   4.53  34.1 0.  -0.168 -0.168 1.0 1.0 1.0 1
 ST2PNR-12  STANDARD 3.7  272 10.51  6.52  44.9 0.  -0.180 -0.180 1.0 1.0 1.0 1
 ST2PNR-15  STANDARD 4.6  562 16.42  8.62  74.7 0.  -0.226 -0.226 1.0 1.0 1.0 1
 
$
$ GRID ANTENNA                     
$ name     type   dia mass af     asf aice zref xcg    xicg  fcx fcy fzm
$                 m   kg   m2     m2  m2   m    m      m 
 GRID-6    GRID   1.8 54   2.85   1.63   0    0.  -0.176 -0.176 1.0 1.0 1.0 6
 GRID-8    GRID   2.4 102  4.97   2.90   0    0.  -0.266 -0.266 1.0 1.0 1.0 6
 GRID-10   GRID   3.0 120  7.79   4.53   0    0.  -0.374 -0.374 1.0 1.0 1.0 6
 GRID-12   GRID   3.7 184  11.40  6.52   0    0.  -0.390 -0.390 1.0 1.0 1.0 6
 GRID-15   GRID   4.6 293  17.55  8.62   0    0.  -0.464 -0.464 1.0 1.0 1.0 6

$
$
$ GRIDPAK ANTENNA >= 1427 mHz            
$ name     type  dia  mass af    asf aice zref  xcg    xicg  fcx fcy fzm
$                m    kg   m2    m2  m2   m     m      m 
 GPKH-4    GRID  1.8  23   1.35  0.72  0    0.   -0.124 -0.124 1.0 1.0 1.0 6
 GPKH-6    GRID  2.0  90   3.18  1.63  0    0.   -0.138 -0.138 1.0 1.0 1.0 6
 GPKH-8    GRID  2.4  128  4.55  2.90  0    0.   -0.146 -0.146 1.0 1.0 1.0 6
 GPKH-10   GRID  3.0  190  7.29  4.53  0    0.   -0.286 -0.286 1.0 1.0 1.0 6
 GPKH-13   GRID  4.0  235  12.52 6.52   0.   -0.373 -0.373 1.0 1.0 1.0 6
           
$
$ 
$ GRIDPAK ANTENNA <= 960 mHz            
$ name    type  dia mass af   asf aice zref xcg   xicg  fcx fcy fzm
$               m    kg  m2        m2  m    m      m 
 GPKL-6   GRID  2.0  42  3.18  0   0   0.   -0.286 -0.286 1.0 1.0 1.0 6
 GPKL-10  GRID  3.0  72  7.29  0   0   0.   -0.323 -0.323 1.0 1.0 1.0 6
 GPKL-13  GRID  4.0  96  12.52 0   0   0.   -0.436 -0.436 1.0 1.0 1.0 6

$ 
$ HORN ANTENNA 
$ name    type  d    mass af   asf  aice  zref xcg     xicg  fcx fcy fzm
$               m    kg   m2        m2    m    m       m 
 SHX10PM  AHORN 6.93 840  12.  0    49.6  0.8  -0.241  0.002 1.0 1.0 1.0 7
 SHX10SM  AHORN 6.93 1142 12.  0    57.3  0.8  -0.038 -0.100 1.0 1.0 1.0 7
$    __PM: platform mount; _SM: side mount
 GEC12.5  GHORN 7.8  2000 18.2 10.4 58.0  0.0   0.0    0.0   1.0 1.0 1.0 7
$GECsmall GHORN 7.8  1018 18.2 10.4 58.0  0.0   0.0    0.0   1.0 1.0 1.0 7
$ large GEC horn. Mass is guessed. Don' have any data on zref, xcg xcgi
END



COEFFICIENTS

USER  FACT  1.0     $
$ ang afact   Cfx   Cfy    Cfz Cmx Cmy Cmz  
   0  1.0   1.3466  0.00    0   0   0   0  $ Coefficients converted from
  45  0.75  1.2342  0.3115  0   0   0   0  $ BBC table assuming dish has  
  90  0.5  -0.1452  0.66276 0   0   0   0  $ a frontal area of 7 m2.
 135  0.75 -0.993   0.22717 0   0   0   0  $ F = 0.5 rho Cd A V2 Newtons.
 180  1.0  -1.096   0.00    0   0   0   0  $
END

BOX  FACT 1
$ ang afact   Cfx   Cfy    Cfz Cmx Cmy Cmz  
   0  1.0     2.0   0.0    0   0   0   0
  45  1.0     1.0   1.0    0   0   0   0
  90  1.0     0.0   2.0    0   0   0   0
 135  1.0    -1.0   1.0    0   0   0   0
 180  1.0    -2.0   0.0    0   0   0   0
END


$$ DRAG FACTOR FOR SMOOTH SHROUDS GREATER THAN 500 mm DIA,Cn=.7
 SH1 FACT  0.7      $ 
$ ang afact    Cfx      Cfy   Cfz Cmx Cmy  Cmz   
   0  1.0     1.00     0.000   0  0  0  0.00  $
  10  1.0     0.9848   0.1736  0  0  0  0.00  $ Cfx = cos (ang)
  20  1.0     0.9397   0.3420  0  0  0  0.00  $ Cfy = sin (ang)
  30  1.0     0.8660   0.5000  0  0  0  0.00  $
  40  1.0     0.7660   0.6428  0  0  0  0.00  $
  50  1.0     0.6428   0.7660  0  0  0  0.00  $
  60  1.0     0.5000   0.8660  0  0  0  0.00  
  70  1.0     0.3420   0.9397  0  0  0  0.00  
  80  1.0     0.1736   0.9848  0  0  0  0.00  
  90  1.0     0.0000   1.0000  0  0  0  0.00  
 100  1.0    -0.1736   0.9848  0  0  0  0.00  
 110  1.0    -0.3420   0.9397  0  0  0  0.00  
 120  1.0    -0.5000   0.8660  0  0  0  0.00  
 130  1.0    -0.6428   0.7660  0  0  0  0.00       
 140  1.0    -0.7660   0.6428  0  0  0  0.00       
 150  1.0    -0.8660   0.5000  0  0  0  0.00      
 160  1.0    -0.9397   0.3420  0  0  0  0.00      
 170  1.0    -0.9848   0.1736  0  0  0  0.00      
 180  1.0    -1.0000   0.000   0  0  0  0.00      
END

$$ DRAG FACTOR FOR SMALL DIAMETER CYLINDERS <=100mm DIA,Cn=1.2
 CYL FACT  1.2      $ AND ROUGH SURFACE SHROUDS GREATER THAN 500 mm DIA
$ ang afact    Cfx      Cfy   Cfz Cmx Cmy  Cmz   
   0  1.0     1.00     0.000   0  0  0  0.00  $
  10  1.0     0.9848   0.1736  0  0  0  0.00  $ Cfx = cos (ang)
  20  1.0     0.9397   0.3420  0  0  0  0.00  $ Cfy = sin (ang)
  30  1.0     0.8660   0.5000  0  0  0  0.00  $
  40  1.0     0.7660   0.6428  0  0  0  0.00  $
  50  1.0     0.6428   0.7660  0  0  0  0.00  $
  60  1.0     0.5000   0.8660  0  0  0  0.00  
  70  1.0     0.3420   0.9397  0  0  0  0.00  
  80  1.0     0.1736   0.9848  0  0  0  0.00  
  90  1.0     0.0000   1.0000  0  0  0  0.00  
 100  1.0    -0.1736   0.9848  0  0  0  0.00  
 110  1.0    -0.3420   0.9397  0  0  0  0.00  
 120  1.0    -0.5000   0.8660  0  0  0  0.00  
 130  1.0    -0.6428   0.7660  0  0  0  0.00       
 140  1.0    -0.7660   0.6428  0  0  0  0.00       
 150  1.0    -0.8660   0.5000  0  0  0  0.00      
 160  1.0    -0.9397   0.3420  0  0  0  0.00      
 170  1.0    -0.9848   0.1736  0  0  0  0.00      
 180  1.0    -1.0000   0.000   0  0  0  0.00      
END

$$ DRAG FACTOR FOR SMALL DIAMETER CYLINDERS <=100mm DIA,Cn=1.2
 CYL1 FACT  1.0      $ AND ROUGH SURFACE SHROUDS GREATER THAN 500 mm DIA
$ ang afact    Cfx      Cfy   Cfz Cmx Cmy  Cmz   
   0  1.0     1.00     0.000   0  0  0  0.00  $
  10  1.0     0.9848   0.1736  0  0  0  0.00  $ Cfx = cos (ang)
  20  1.0     0.9397   0.3420  0  0  0  0.00  $ Cfy = sin (ang)
  30  1.0     0.8660   0.5000  0  0  0  0.00  $
  40  1.0     0.7660   0.6428  0  0  0  0.00  $
  50  1.0     0.6428   0.7660  0  0  0  0.00  $
  60  1.0     0.5000   0.8660  0  0  0  0.00  
  70  1.0     0.3420   0.9397  0  0  0  0.00  
  80  1.0     0.1736   0.9848  0  0  0  0.00  
  90  1.0     0.0000   1.0000  0  0  0  0.00  
 100  1.0    -0.1736   0.9848  0  0  0  0.00  
 110  1.0    -0.3420   0.9397  0  0  0  0.00  
 120  1.0    -0.5000   0.8660  0  0  0  0.00  
 130  1.0    -0.6428   0.7660  0  0  0  0.00       
 140  1.0    -0.7660   0.6428  0  0  0  0.00       
 150  1.0    -0.8660   0.5000  0  0  0  0.00      
 160  1.0    -0.9397   0.3420  0  0  0  0.00      
 170  1.0    -0.9848   0.1736  0  0  0  0.00      
 180  1.0    -1.0000   0.000   0  0  0  0.00      
END

SHIELDED FACT  393.      $
$ ang afact    Cfx      Cfy   Cfz Cmx Cmy  Cmz   
   0  1.0     0.00328  0.000   0  0  0  0.0000   $ ft-lb units from Andrew Cat 35.
  10  0.9849  0.0033   0.0003  0  0  0  0.00007  $  mult by 18.49 to give N for
  20  0.9415  0.00325  0.0005  0  0  0  0.00011  $  D, A in m m2 and V in Km/h
  30  0.875   0.00312  0.00065 0  0  0  0.00013  $  
  40  0.7934  0.003    0.00075 0  0  0  0.000125 $  18.49 x 3600^2 x  1
  50  0.7065  0.0028   0.0008  0  0  0  0.00008  $          -----    ---- x 2 = 393.  
  60  0.625   0.00245  0.00095 0  0  0  0.00002  $          1000^2   1.22
  70  0.5585  0.00175  0.00105 0  0  0 -0.00006  $
  80  0.5151  0.0007   0.0015  0  0  0 -0.00018  $ for use with:
  90  0.5    -0.0003   0.0016  0  0  0 -0.000255 $
 100  0.5151 -0.0009   0.00155 0  0  0 -0.00029  $ F = dens_air x Cd x A x V^2 / 2
 110  0.5585 -0.0014   0.00135 0  0  0 -0.000295 $
 120  0.625  -0.00185  0.0011  0  0  0 -0.00027  $
 130  0.7065 -0.0022   0.00085 0  0  0 -0.00024    
 140  0.7934 -0.0024   0.0006  0  0  0 -0.0002     
 150  0.875  -0.00245  0.0005  0  0  0 -0.00016   
 160  0.9415 -0.0025   0.0004  0  0  0 -0.00011   
 170  0.9849 -0.00252  0.00025 0  0  0 -0.00006   
 180  1.0    -0.0026   0.000   0  0  0  0.0000    
END
 
GRID  FACT  393.  
$ ang  afact   Cfx   Cfy   Cfz Cmx Cmy  Cmz       
   0  1.0     0.0014  0.000   0  0  0  0.0000     $ ft-lb units from Andrew Cat 35.
  10  0.9845  0.00135 0.0003  0  0  0 -0.00004    $  mult by 18.49 to give N for
  20  0.9415  0.0013  0.00045 0  0  0  0.00007    $  D, A in m m2 and V in Km/h
  30  0.875   0.0012  0.0006  0  0  0  0.000095   $  
  40  0.7934  0.00105 0.0007  0  0  0  0.00011    $  18.49 x 3600^2 x  1
  50  0.7065  0.0009  0.00075 0  0  0  0.00013    $           -----    ---- x 2 = 393.  
  60  0.625   0.0007  0.00078 0  0  0  0.000138   $          1000^2   1.22
  70  0.5585  0.0004  0.00075 0  0  0  0.00014    $
  80  0.5151  0.00015 0.0007  0  0  0 -0.00012    $ for use with:
  90  0.5    -0.0001  0.00065 0  0  0 -0.00011    $
 100  0.5151 -0.0002  0.00075 0  0  0 -0.00012    $ F = dens_air x Cd x A x V^2 / 2
 110  0.5585 -0.0004  0.0008  0  0  0 -0.00013    $
 120  0.625  -0.00055 0.00078 0  0  0 -0.000135   $
 130  0.7065 -0.00075 0.00072 0  0  0 -0.000125  
 140  0.7934 -0.001   0.00065 0  0  0 -0.00011   
 150  0.875  -0.0012  0.00055 0  0  0 -0.00009   
 160  0.9415 -0.0013  0.0004  0  0  0 -0.00007   
 170  0.9849 -0.0014  0.00025 0  0  0 -0.00004   
 180  1.     -0.0014  0.000   0  0  0  0.00000   
END

STANDARD FACT  393.      $
$ ang  afact    Cfx     Cfy  Cfz Cmx Cmy  Cmz       
   0  1.0      0.004    0.000   0  0  0  0.0000     $ ft-lb units from Andrew Cat 35.
  10  0.9849   0.004   -0.00005 0  0  0  0.00006    $  mult by 18.49 to give N for
  20  0.9415   0.004   -0.00005 0  0  0  0.00009    $  D, A in m m2 and V in Km/h
  30  0.875    0.00403 -0.00003 0  0  0  0.0001     $  
  40  0.7934   0.00415  0.0001  0  0  0  0.00013    $  18.49 x 3600^2 x  1
  50  0.7065   0.0043   0.0003  0  0  0  0.00017    $          -----    ---- x 2 = 393.  
  60  0.625    0.0043   0.0007  0  0  0  0.00022    $          1000^2   1.22
  70  0.5585   0.0036   0.0012  0  0  0  0.00002    $
  80  0.5151   0.002    0.001   0  0  0 -0.00024    $ for use with:
  90  0.5      0.000    0.001   0  0  0 -0.000325   $
 100  0.5151  -0.001    0.00105 0  0  0 -0.00034    $ F = dens_air x Cd x A x V^2 / 2
 110  0.5585  -0.00115  0.00115 0  0  0 -0.000355   $
 120  0.625   -0.00115  0.00122 0  0  0 -0.00038    $
 130  0.7065  -0.0012   0.0013  0  0  0 -0.00038   
 140  0.7934  -0.0014   0.0012  0  0  0 -0.00034   
 150  0.875   -0.00215  0.0012  0  0  0 -0.00028   
 160  0.9415  -0.0022   0.0011  0  0  0 -0.00022    
 170  0.9849  -0.0024   0.0008  0  0  0 -0.00013   
 180  1.0     -0.0026   0.000   0  0  0  0.00003   
END

RADOME   FACT  393.      $
$ ang  afact   Cfx   Cfy   Cfz Cmx Cmy  Cmz      
   0   1.0     0.0022  0.000   0  0  0  0.0000     $ ft-lb units from Andrew Cat 35.
  10   0.9849  0.0022  0.0004  0  0  0  0.00021    $  mult by 18.49 to give N for
  20   0.9415  0.0021  0.0008  0  0  0  0.00029    $  D, A in m m2 and V in Km/h
  30   0.875   0.00195 0.0011  0  0  0  0.000275   $  
  40   0.7934  0.0017  0.0013  0  0  0  0.000205   $  18.49 x 3600^2 x  1
  50   0.7065  0.0014  0.0014  0  0  0  0.00011    $          -----    ---- x 2 = 393.  
  60   0.625   0.00105 0.0013  0  0  0  0.00       $          1000^2   1.22
  70   0.5585  0.0008  0.00115 0  0  0 -0.00014    $
  80   0.5151  0.00052 0.0011  0  0  0 -0.00028    $ for use with:
  90   0.5     0.0003  0.00105 0  0  0 -0.00039    $
 100   0.5151  0.00005 0.001   0  0  0 -0.00043    $ F = dens_air x Cd x A x V^2 / 2
 110   0.5585 -0.0002  0.0009  0  0  0 -0.00042    $
 120   0.625  -0.0005  0.00085 0  0  0 -0.00040    $
 130   0.7065 -0.00082 0.0008  0  0  0 -0.00035   
 140   0.7934 -0.00115 0.00075 0  0  0 -0.00022   
 150   0.875  -0.00142 0.00065 0  0  0 -0.00012   
 160   0.9415 -0.00165 0.0006  0  0  0 -0.00005   
 170   0.9849 -0.0018  0.0003  0  0  0 -0.00001    
 180   1.0    -0.00185 0.000   0  0  0  0.0       
END


AHORN   FACT  1.0            $ Andrew Horn
$ ang  afact  Cfx     Cfy     Cfz      Cmx     Cmy     Cmz      
   0   1.0    0.8685  0.0     0.0252   0.0000  0.1683  0.0  
  10   1.0    0.920   0.0     0.0898   0.0234  0.1804  0.0058  
  20   1.0    0.945   0.766   0.1020   0.0178  0.1860  0.00813 
  30   1.0    0.920   0.192   0.115   -0.0112  0.1682  0.00178 
  40   1.0    0.843   0.374   0.128   -0.0290  0.1449 -0.0112  
  50   1.0    0.715   0.435   0.204   -0.0467  0.1159 -0.0243  
  60   1.0    0.562   0.511   0.166   -0.0524  0.1103 -0.0393  
  70   1.0    0.230   0.588   0.153   -0.0411  0.0991 -0.0477  
  80   1.0    0.140   0.617   0.153   -0.0346  0.0813 -0.0505  
  90   1.0    0.0     0.639   0.242   -0.0467  0.0580 -0.0449  
 100   1.0   -0.077   0.613  -0.0608  -0.0524  0.0178 -0.0374  
 110   1.0   -0.166   0.600  -0.1281  -0.0411 -0.0234 -0.0346  
 120   1.0   -0.307   0.600  -0.294   -0.0234 -0.0636 -0.0374  
 130   1.0   -0.485   0.575  -0.4086  -0.0402 -0.0991 -0.0290    
 140   1.0   -0.677   0.473  -0.5114   0.0112 -0.1168 -0.0215    
 150   1.0   -0.818   0.280  -0.5880   0.0234 -0.1040 -0.0131    
 160   1.0   -0.882   0.153  -0.6385   0.0168 -0.1040 -0.0070    
 170   1.0   -0.920   0.051  -0.6647   0.0112 -0.1040 -0.00234    
 180   1.0   -0.920   0.000  -0.6647   0.00   -0.1040  0.0       
END

GHORN   FACT  1.0            $                     
$ ang  afact Cfx    Cfy   Cfz   Cmx  Cmy  Cmz   $ 
   0   0.0   1.52   0.0   0.0   0.0  0.0  0.0   $ coefficients are taken from   
  10   0.0   1.52  -0.14  0.0   0.0  0.0  0.20  $ PO drg 100004, corrected
  20   0.0   1.49  -0.07  0.0   0.0  0.0  0.15  $ to use the standard drag
  30   0.0   1.43   0.21  0.0   0.0  0.0 -0.13  $ formula:
  40   0.0   1.31   0.47  0.0   0.0  0.0 -0.39  $  
  50   0.0   1.08   0.66  0.0   0.0  0.0 -0.60  $ F = rho.Cf.A.V^2/2
  60   0.0   0.92   0.76  0.0   0.0  0.0 -0.77  $ M = rho.Cm.A.D.V^2/2
  70   0.0   0.65   0.77  0.0   0.0  0.0 -0.87  $
  80   0.0   0.31   0.77  0.0   0.0  0.0 -0.82  $ where A = frontal area 
  90   0.0   0.13   0.77  0.0   0.0  0.0 -0.76  $        18.2m2 for large horn
 100   0.0   0.0    0.78  0.0   0.0  0.0 -0.76  $       D = o/a height
 110   0.0  -0.18   0.80  0.0   0.0  0.0 -0.79  $         7.8m for large horn
 120   0.0  -0.37   0.81  0.0   0.0  0.0 -0.89  $ Forces and moments are     
 130   0.0  -0.59   0.80  0.0   0.0  0.0 -0.95  $ referred to the vertical axis
 140   0.0  -0.84   0.68  0.0   0.0  0.0 -0.83  $ of the horn, not the rear as 
 150   0.0  -1.05   0.45  0.0   0.0  0.0 -0.61  $ on drg.
 160   0.0  -1.18   0.26  0.0   0.0  0.0 -0.30  $
 170   0.0  -1.24   0.13  0.0   0.0  0.0 -0.16  $
 180   0.0  -1.24   0.00  0.0   0.0  0.0 -0.03  $   
END

$ Update record
$ 14-10-03 ICONTWR.lib created for icon display
$ ---------------------------------------------------------------------------

$ ancillaries are drawn from unit shapes in mstower.icn file
$ icons are scaled from dx dy dz if stated otherwise as before using Dim and areas

$ ancillaries for ICONTWR.MST,  TOWER FOR DISPLAYING ICONS from MSTOWER.ICN------------------------------
$ name      drag  dim   mass  af    afi  aice zref xcg xicg fcx fcy fzm ishape -iscale-
$          coeff   m     kg   m2    m2    m2   m    m   m                ICON  dx dy dz

 IC-1        CYL   1     25   0.1   0.1   0.3  0    1   1    1   1   1    1    1  1  1 $ Dish - no radome  
 IC-2        CYL   1     25   0.1   0.1   0.3  0    1   1    1   1   1    2    1  1  1 $ Dish - conical radome
 IC-3        CYL   1     25   0.1   0.1   0.3  0    1   1    1   1   1    3    1  1  1 $ Dish - high performance
 IC-4        CYL   1     25   0.1   0.1   0.3  0    1   1    1   1   1    4    1  1  1 $ Dish - spherical radome
 IC-5        CYL   1     25   0.1   0.1   0.3  0    1   1    1   1   1    5    1  1  1 $ Dish - planar radome 
 IC-6        CYL   1     25   0.1   0.1   0.3  0    1   1    1   1   1    6    1  1  1 $ Grid  
 IC-7        CYL   1     25   0.1   0.1   0.3  0    1   1    1   1   1    7    1  1  1 $ Horn antenna 
 IC-8        CYL   1     25   0.1   0.1   0.3  0    1   1    1   1   1    8    1  1  1 $ Small standard dish

 IC-10       CYL   1     25   0.1   0.1   0.3  0    1   1    1   1   1   10    1  1  1 $
 IC-11       CYL   1     25   0.1   0.1   0.3  0    1   1    1   1   1   11    1  1  1 $
 IC-12       CYL   1     25   0.1   0.1   0.3  0    1   1    1   1   1   12    1  1  1 $ 
 IC-13       CYL   1     25   0.1   0.1   0.3  0    1   1    1   1   1   13    1  1  1 $ 
 IC-14       CYL   1     25   0.1   0.1   0.3  0    1   1    1   1   1   14    1  1  1 $

 IC-15       CYL   1      0   0.0   0.0   0.0  0    0   0    1   1   1   15    1  1  1 $
 IC-16       CYL   1      0   0.0   0.0   0.0  0    0   0    1   1   1   16    1  1  1 $

 IC-20       CYL   1     25   0.1   0.1   0.3  0    1   1    1   1   1   20    1  1  1 $ Shrouded yagi
 IC-21       CYL   1     25   0.1   0.1   0.3  0    1   1    1   1   1   21    1  1  1 $
 IC-22       CYL   1     25   0.1   0.1   0.3  0    1   1    1   1   1   22    1  1  1 $
 IC-23       CYL   1     25   0.1   0.1   0.3  0    1   1    1   1   1   23    1  1  1 $
 IC-24       CYL   1     25   0.1   0.1   0.3  0    1   1    1   1   1   24    1  1  1 $
                                      
 IC-30       CYL   1     25   0.1   0.1   0.3  0    1   1    1   1   1   30    1  1  1 $
 IC-31       CYL   1     25   0.1   0.1   0.3  0    1   1    1   1   1   31    1  1  1 $
 IC-32       CYL   1     25   0.1   0.1   0.3  0    1   1    1   1   1   32    1  1  1 $
 IC-33       CYL   1     25   0.1   0.1   0.3  0    1   1    1   1   1   33    1  1  1 $ 1/2 Cylinder
 IC-34       CYL   1     25   0.1   0.1   0.3  0    1   1    1   1   1   34    1  1  1 $ 6dB Colinear
 IC-135      CYL   1     25   0.1   0.1   0.3  0    1   1    1   1   1  135    1  1  1 $ A0035 ICON 135
                                     
 IC-35       CYL   1     25   0.1   0.1   0.3  0    1   1    1   1   1   35    1  1  1 $
 IC-36       CYL   1     25   0.1   0.1   0.3  0    1   1    1   1   1   36    1  1  1 $
 IC-37       CYL   1     25   0.1   0.1   0.3  0    1   1    1   1   1   37    1  1  1 $ Discone UHF/VH
                                     
 IC-40       CYL   1     25   0.1   0.1   0.3  0    1   1    1   1   1   40    1  1  1 $ UHF 4-stack directional
 IC-41       CYL   1     25   0.1   0.1   0.3  0    1   1    1   1   1   41    1  1  1 $ UHF 4-stack omnidirect
 IC-42       CYL   1     25   0.1   0.1   0.3  0    1   1    1   1   1   42    1  1  1 $ FM omnidirectional
                                      
 IC-44       CYL   1     25   0.1   0.1   0.3  0    1   1    1   1   1   44    1  1  1 $ UHF 2 stack directional
 IC-45       CYL   1     25   0.1   0.1   0.3  0    1   1    1   1   1   45    1  1  1 $ UHF 1 stack directional
                                     
 IC-50       CYL   1     25   0.1   0.1   0.3  0    1   1    1   1   1   50    1  1  1 $
 IC-51       CYL   1     25   0.1   0.1   0.3  0    1   1    1   1   1   51    1  1  1 $
 IC-52       CYL   1     25   0.1   0.1   0.3  0    1   1    1   1   1   52    1  1  1 $
 IC-53       CYL   1     25   0.1   0.1   0.3  0    1   1    1   1   1   53    1  1  1 $
 IC-54       CYL   1     25   0.1   0.1   0.3  0    1   1    1   1   1   54    1  1  1 $
                                     
 IC-60       CYL   1     25   0.1   0.1   0.3  0    1   1    1   1   1   60    1  1  1 $ Log periodic
 IC-61       CYL   1     25   0.1   0.1   0.3  0    1   1    1   1   1   61    1  1  1 $ Crossed log periodic pair
                                     
 IC-70       CYL   1     25   0.1   0.1   0.3  0    1   1    1   1   1   70    1  1  1 $
                                     
 IC-80       CYL   1     25   0.1   0.1   0.3  0    1   1    1   1   1   80    1  1  1 $
 IC-81       CYL   1     25   0.1   0.1   0.3  0    1   1    1   1   1   81    1  1  1 $
                                     
 IC-91       CYL   1     25   0.1   0.1   0.3  0    1   1    1   1   1   91    1  1  1 $ VHF panel
 IC-92       CYL   1     25   0.1   0.1   0.3  0    1   1    1   1   1   92    1  1  1 $ DAB panel
 IC-93       CYL   1     25   0.1   0.1   0.3  0    1   1    1   1   1   93    1  1  1 $ 2 panel array
                                     
 IC-100      CYL   1     25   1     1     1    0    1   1    1   1   1  100    1  1  1 $
                                     
 IC-301      CYL   1     25   1     1     1    0    1   1    1   1   1  135    1  1  1 $
                                     
 IC-500      CYL   1     25   0.1   0.1   0.3  0    1   1    1   1   1  500    5  5  1 $ DELTA
 IC-501      CYL   1     25   0.1   0.1   0.3  0    1   1    1   1   1  501    5  5  1 $ TORoid frame
 IC-502      CYL   1     25   0.1   0.1   0.3  0    1   1    1   1   1  502    6  6  1 $ pLATFORM  
                                     
 IC-A0043    CYL   1     25   0.1   0.1   0.3  0    1   1    1   1   1  143    1  1  1 $ lOG PERIODIC 
 IC-A0048    CYL   1     25   0.1   0.1   0.3  0    1   1    1   1   1  148    1  1  1 $ lOG PERIODIC 2 STACK
 IC-A0049    CYL   1     25   0.1   0.1   0.3  0    1   1    1   1   1  149    1  1  1 $ lOG PERIODIC 4 STACK

END

$$------------------------------------------------------------------------
$$                            DRAG COEFFIENTS
$$------------------------------------------------------------------------

COEFFICIENTS

$$ DRAG FACTOR FOR SMALL DIAMETER CYLINDERS <=100mm DIA,Cn=1.2
 CYL FACT  1.2      $ AND ROUGH SURFACED SHROUDS GREATER THAN 500 mm DIA
$ ang afact    Cfx      Cfy   Cfz Cmx Cmy Cmz   
   0. 1       1.00     0.000   0   0   0   0  $                 
  10. 1       0.9848   0.1736  0   0   0   0  $ Cfx = cos (ang)
  20. 1       0.9397   0.3420  0   0   0   0  $ Cfy = sin (ang)
  30. 1       0.8660   0.5000  0   0   0   0  $                
  40. 1       0.7660   0.6428  0   0   0   0  $                
  50. 1       0.6428   0.7660  0   0   0   0  $                
  60. 1       0.5000   0.8660  0   0   0   0                   
  70. 1       0.3420   0.9397  0   0   0   0                   
  80. 1       0.1736   0.9848  0   0   0   0                   
  90. 1       0.0000   1.0000  0   0   0   0                   
 100. 1      -0.1736   0.9848  0   0   0   0                   
 110. 1      -0.3420   0.9397  0   0   0   0                   
 120. 1      -0.5000   0.8660  0   0   0   0                   
 130. 1      -0.6428   0.7660  0   0   0   0                   
 140. 1      -0.7660   0.6428  0   0   0   0                   
 150. 1      -0.8660   0.5000  0   0   0   0                   
 160. 1      -0.9397   0.3420  0   0   0   0                   
 170. 1      -0.9848   0.1736  0   0   0   0                   
 180. 1      -1.0000   0.000   0   0   0   0                   
END


END
END